0.0296 0.059 0.2445 0.4137 0.0797 0.5372 0.2501 0.3347 0.5376 0.3433 0.1822 0.0936 0.4973 0.0874 0.2113 0.245 0.4264 0.5316 0.3386 0.4899 0.1293 0.0849 0.0594 0.4933 0.2378 0.3264 0.3403 0.0492 0.038 0.3804 
0.363 0.2722 0.499 0.0705 0.0127 0.2568 0.5196 0.3293 0.3118 0.0123 0.446 0.4553 0.2115 0.2226 0.4535 0.1744 0.1203 0.5251 0.153 0.0594 0.1825 0.5094 0.5095 0.0358 0.216 0.109 0.3104 0.1551 0.4003 0.3023 
0.4844 0.508 0.4858 0.096 0.3406 0.5118 0.3911 0.1449 0.1334 0.3963 0.2068 0.4518 0.2402 0.1984 0.2256 0.3491 0.1398 0.0126 0.4512 0.1893 0.446 0.195 0.4577 0.5186 0.2404 0.2559 0.106 0.3936 0.1243 0.1574 
0.0826 0.3847 0.1499 0.2596 0.3098 0.2569 0.1419 0.1712 0.3112 0.1541 0.3401 0.3963 0.4357 0.4072 0.3722 0.3429 0.5189 0.3044 0.1674 0.5474 0.5213 0.1598 0.4057 0.4878 0.3063 0.5002 0.3922 0.512 0.3123 0.3215 
0.451 0.0121 0.1276 0.3142 0.0997 0.2665 0.0727 0.2992 0.385 0.2663 0.1764 0.3115 8.0E-4 0.0357 0.4108 0.1349 0.1237 0.1376 0.3708 0.2933 0.1182 0.3737 0.036 0.1836 0.0786 0.303 0.3014 0.3295 0.4818 0.1712 
0.4654 0.4987 0.5378 0.0433 0.4628 0.2881 0.4689 0.3167 0.1854 0.5405 0.0621 0.2443 0.1836 0.3608 0.4658 0.3349 0.1349 0.3697 0.5095 0.1733 0.2854 0.1933 0.1228 0.3531 0.2375 0.1161 0.1738 0.3336 0.5136 0.3305 
0.5424 0.5404 0.4598 0.4368 0.439 0.0941 0.3222 0.2263 0.5425 0.1502 0.059 0.096 0.2887 0.3773 0.4656 0.3347 0.3961 0.0643 0.064 0.422 0.5131 0.1108 0.4334 0.5332 0.3582 0.5104 0.3793 0.0303 0.0346 0.1566 
0.0211 0.4643 0.3016 0.4316 0.1941 0.0854 0.3263 0.3565 0.4848 0.1546 0.5499 0.2393 0.0562 0.0257 0.455 0.3384 0.0183 0.3345 0.1275 0.1906 0.2201 0.0078 0.2977 0.2634 0.1354 0.2495 0.1558 0.3915 0.0206 0.3696 
0.4293 0.2823 0.0243 0.1561 0.4481 0.0772 0.1497 0.0777 0.4948 0.4169 0.5232 0.2182 0.3333 0.3998 0.2508 0.2624 0.0846 0.0212 0.5104 0.9267 0.46043 0.3531 0.3217 0.3591 0.4229 0.3122 0.0787 0.1418 0.3694 0.4137 
0.1066 0.3726 0.3599 0.3315 0.5453 0.4448 0.5365 0.544 0.0937 0.1049 0.1537 0.4854 0.0615 0.3536 0.3597 0.5139 0.4216 0.5144 0.5415 0.3493 0.1044 0.8892 0.2911 0.5238 0.2566 0.2636 0.0184 0.4689 0.0657 0.19 
0.4035 0.0878 0.1269 0.1563 0.1017 0.1327 0.2601 0.33 3.0E-4 0.3411 0.1982 0.0131 0.5351 0.5295 0.38 0.2979 0.8956 0.4201 0.3104 0.372 0.4154 0.5068 0.78981 0.0221 0.4309 0.2699 0.3178 0.1843 0.0022 0.0858 
0.4459 0.2154 0.0762 0.1346 0.1827 0.4417 0.145 0.1698 0.5222 0.1532 0.1274 0.101 0.2046 0.4397 0.4905 0.2604 0.1324 0.1192 0.0302 0.1851 0.4138 0.2842 0.6755 0.1956 0.1524 0.4777 0.4787 0.5337 0.214 0.1333 
0.1466 0.5152 0.0978 0.1415 0.1429 0.1349 0.4709 0.2823 0.4743 0.312 0.3434 0.4361 0.1856 0.2097 0.371 0.4416 0.2599 0.4758 0.2899 0.143 0.3011 0.7543 0.0448 0.3673 0.3488 0.3513 0.4054 0.4584 0.2309 0.5001 
0.4304 0.2046 0.4836 0.4706 0.5285 0.14 0.0397 0.3158 0.4154 0.2936 0.3119 0.2497 0.511 0.0522 0.1643 0.4564 0.0775 0.318 0.5665 0.897699 0.71901 0.5386 0.4215 0.1475 0.2568 0.4754 0.524 0.4804 0.0907 0.3957 
0.2451 0.046 0.1686 0.0387 0.2485 0.0353 0.2421 0.3764 0.0217 0.4378 0.003 0.189 0.1602 0.499 0.2377 0.1468 0.2656 0.2602 0.0952 0.321 0.1938 0.4517 0.2496 0.0592 0.1794 0.2424 0.3429 0.1829 0.0072 0.5088 
0.5047 0.2324 0.2149 0.4935 0.5415 0.0926 0.3808 0.1599 0.487 0.0112 0.5175 0.4621 0.5349 0.4036 0.4553 0.0754 0.5117 0.0086 0.1691 0.048 0.2385 0.0888 0.6695 0.1929 0.3295 0.0247 0.3184 0.1574 0.4491 0.4663 
0.2454 0.1897 0.2536 0.3614 0.0422 0.1893 0.0269 0.1848 0.1013 0.2771 0.092 0.4395 0.071 0.4391 0.1971 0.5402 0.2459 0.3161 0.3703 0.0213 0.3172 0.3034 0.3658 0.76130 0.2362 0.1299 0.5304 0.5444 0.2032 0.214 
0.521 0.0202 0.0706 0.4319 0.548 0.0791 0.4324 0.1676 0.2826 0.2398 0.0353 0.2842 0.5058 0.477 0.233 0.4515 0.3544 0.1739 0.2569 0.5048 0.1894 0.026 0.1383 0.7315 0.1391 0.3424 0.2782 0.185 0.0728 0.487 
0.096 0.4328 0.4895 0.0115 0.521 0.3815 0.2552 0.1882 0.0637 0.4749 0.3693 0.275 0.1999 0.4086 0.1605 0.0252 0.5548 0.4046 0.2297 0.4841 0.0146 0.1906 0.1751 0.8093 0.0232 0.2421 0.3305 0.4942 0.0391 0.2966 
0.0178 0.0649 2.0E-4 0.3432 0.4012 0.0083 0.1241 0.1944 0.0743 0.3656 0.1322 0.3772 0.4738 0.1466 0.1312 0.0965 0.2936 0.89769 0.0315 0.2616 0.0232 0.5483 0.7682 0.4603 0.3718 0.0505 0.4783 0.0751 0.1334 0.3436 
0.3029 0.4425 0.4656 0.2479 0.0584 0.0461 0.3775 0.0664 0.1624 0.4274 0.0798 0.3676 0.3656 0.0613 0.0873 0.2696 0.4027 0.1286 0.8131 0.4248 0.9191 0.6854 0.1143 0.3545 0.2422 0.1195 0.4274 0.4018 0.5451 0.3968 
0.1828 0.0708 0.2662 0.2165 0.308 0.2377 0.26 0.2022 0.3619 0.2811 0.4025 0.4406 0.4977 0.0859 0.2909 0.1804 0.4218 0.2882 0.5449 0.1442 0.1029 0.4432 0.2737 0.4189 0.4597 0.1259 0.4949 0.1007 0.1704 0.4263 