0.2848 0.0229 0.7066 0.2628 0.5135 0.0632 0.0253 0.9206 0.2699 0.4174 0.3717 0.2479 0.4409 0.4743 0.2526 
0.1353 0.2478 0.9394 0.5363 0.2789 0.4819 0.0962 0.5625 0.3682 0.1 0.033 0.0542 0.2546 0.547 0.4906 
0.1548 0.3954 0.5067 0.0166 0.0549 0.2754 0.3146 0.983 0.4589 0.1637 0.1893 0.1435 0.1631 0.4887 0.4314 
0.3094 0.0308 0.53571 0.5193 0.0402 0.1743 0.4169 0.7025 0.0563 0.0749 0.0943 0.3963 0.1271 0.0105 0.1813 
0.5399 0.1384 0.7302 0.014 0.2816 0.1165 0.0032 0.595 0.2941 0.383 0.2828 0.5378 0.1669 0.4143 0.2034 
0.4826 0.2364 0.44724 0.1508 0.0222 0.2124 0.2311 0.6944 0.3862 0.0663 0.5399 0.3474 0.5406 0.0065 0.0014 
0.1856 0.4521 0.9035 0.9467 0.91471 0.5121 0.7104 0.4771 0.73531 0.9256 0.4268 0.4387 0.4453 0.0838 0.4787 
0.1736 0.3045 0.0608 0.2839 0.3029 0.2443 0.0473 0.42613 0.0127 0.2662 0.4747 0.2835 0.1671 0.0215 0.5369 
0.3504 0.3604 0.0357 0.3711 0.4919 0.1047 0.4968 0.9054 0.505 0.5422 0.119 0.2805 0.0339 0.4335 0.5208 
0.2366 0.242 0.5036 0.4201 0.301 0.0951 0.0421 0.4854 0.262 0.0188 0.1586 0.4518 0.3857 0.2222 0.4047 
0.1105 0.0861 0.3156 0.1534 0.4172 0.5279 0.3081 0.4781 0.2648 0.403 0.4468 0.33 0.3769 0.1932 0.3474 
0.0864 0.2741 0.4428 0.0447 0.5419 0.3901 0.3 0.6532 0.0351 0.1488 0.2742 0.1837 0.4304 0.0576 0.3327 
0.4794 0.2039 0.4626 0.1362 0.1144 0.4257 0.0931 0.44015 0.4537 0.4252 0.5216 0.5028 0.1552 0.2068 0.5055 
0.4834 0.3425 0.1675 0.3228 0.3065 0.3913 0.4051 0.3351 0.0745 0.4342 0.22 0.0128 0.1277 0.1061 0.513 
0.2507 0.2514 0.2876 0.2394 0.118 0.1217 0.102 0.0285 0.1384 0.3942 0.3657 0.3418 0.445 0.0893 0.5118 
0.156 0.3336 0.4891 0.1143 0.4392 0.0361 0.081 0.0077 0.3778 0.3184 0.1226 0.2905 0.1648 0.4112 0.366 
0.4561 0.5283 0.3024 0.1613 0.128 0.3717 0.429 0.4684 0.3433 0.1884 0.0919 0.359 0.0224 0.4921 0.0665 
0.4227 0.2833 0.4371 0.0714 0.2558 0.425 0.0287 0.3465 0.0917 0.0111 0.2675 0.0295 0.4295 0.3605 0.2255 