0.1626 0.5324 0.2885 0.453 0.9451 0.6061000000000001 0.5782 0.783 0.9284 0.867 0.4025 0.2563 0.1667 0.4659 
0.2766 0.087 0.434 0.0407 0.2153 0.3689 0.3531 0.0276 0.1653 0.9909 0.2425 0.2923 0.3414 0.2322 
0.1123 0.2186 0.1737 0.0381 0.3769 0.4519 0.0132 0.1142 0.0121 0.8505 0.0378 0.0906 0.4908 0.2757 
0.0296 0.3825 0.1162 0.5116 0.5211 0.1609 0.3746 0.5316 0.4874 0.43660000000000004 0.3127 0.2768 0.5041 0.4301 
0.3814 0.5382 0.1648 0.0552 0.497 0.8229 0.5473 0.97 0.049 0.8903000000000001 0.0941 0.5263 0.0351 0.5369 
0.3578 0.4689 0.1964 0.0422 0.9907 0.0922 0.5231 0.4618 0.9014 0.7911 0.0786 0.2892 0.1948 0.2424 
0.0287 0.0598 0.3445 0.9303 0.0546 0.2066 0.1239 0.4632 0.4545 0.2386 0.3672 0.3482 0.5243 0.2093 
0.5132 0.155 0.6726000000000001 0.1489 0.3872 0.3264 0.1198 0.2544 0.2915 0.3625 0.5254 0.1872 0.1192 0.0373 
0.4613 0.172 0.8426 0.1993 0.3239 0.2142 0.5086 0.41 0.4303 0.3029 0.1291 0.1995 0.5493 0.0282 
0.4295 0.0218 0.9213 0.1612 0.5189 0.079 0.1582 0.3601 0.2005 0.4778 0.335 0.3529 0.4779 0.045 
0.3163 0.3695 0.2076 0.7736000000000001 0.3899 0.2698 0.2043 0.1529 0.1841 0.8248 0.3572 0.3514 0.2491 0.3352 
0.0872 0.0448 0.0905 0.1977 0.5206000000000001 0.455 0.1111 0.4059 0.6203000000000001 0.0839 0.2852 0.4861 0.2748 0.1485 
0.2487 0.0989 0.1394 0.0782 0.0139 0.5041 0.4308 0.9394 0.4495 0.5064 0.3256 0.4404 0.4819 0.1478 
0.2402 0.107 0.0727 0.1332 0.2958 0.0436 0.5109 0.1458 0.0863 0.3292 0.1927 0.1236 0.5361 0.1174 
0.3699 0.1904 0.3666 0.3527 0.4979 0.5342 0.342 0.4508 0.4924 0.1102 0.4323 0.2133 0.3579 0.0653 