0.0563 0.4546 0.417 0.04 0.2897 0.1621 0.3791 0.5283 0.4728 0.1049 0.1988 0.0085 0.1189 0.0048 0.5347 0.2748 0.1769 0.4648 0.0842 0.3448 0.3628 0.331 0.0049 
0.4963 0.2798 0.2247 0.0069 0.244 0.1351 0.0697 0.5201 0.4307 0.3339 0.2957 0.0375 0.2974 0.3783 0.2242 0.2169 0.0846 0.2707 0.4367 0.3647 0.1542 0.1385 0.2921 
0.1678 0.209 0.3363 0.2738 0.3807 0.0316 0.5257 0.2974 0.3982 0.3339 0.3402 0.1448 0.0841 0.3164 0.3685 0.4663 0.0289 0.4734 0.3267 0.5032 0.1421 0.4879 0.13 
0.0515 0.191 0.5409 0.3836 0.0204 0.2159 0.3183 0.3549 0.5471 0.1957 0.3636 0.3195 0.2338 0.2903 0.0622 0.4219 0.4288 0.2765 0.4696 0.5313 0.1196 0.0294 0.3891 
0.1692 0.3467 0.1512 0.0503 0.2368 0.5477 0.5487 0.3846 0.1445 0.2755 0.3667 0.215 0.1706 0.4351 0.0321 0.5148 0.1229 0.4183 0.3116 0.1182 0.395 0.3823 0.4105 
0.5248 0.0759 0.2941 0.006 0.4567 0.2471 0.4334 0.015 0.3683 0.4294 0.1331 0.4521 0.2467 0.2226 0.3695 0.4871 0.1716 0.3608 0.4652 0.0311 0.3835 0.2954 0.1178 
0.3164 0.0476 0.4094 0.5407 0.2964 0.4452 0.0567 0.157 0.0851 0.0887 0.4819 0.0823 0.175 0.3047 0.0626 0.3931 0.299 0.0489 0.049 0.1869 0.4093 0.4069 0.0777 
0.4164 0.1511 0.4717 0.4243 0.4745 0.3686 0.3751 0.0536 0.3581 0.3886 0.3385 0.4646 0.3169 0.4521 0.427 0.4008 0.0438 0.3811 0.3935 0.4081 0.3583 0.0176 0.5276 
0.366 0.5054 0.2139 0.2964 0.2337 0.1467 0.0599 0.4377 0.5032 0.0352 0.4388 0.1877 0.1325 0.345 0.67 0.5391 0.272 0.2141 0.4122 0.3057 0.0503 0.0727 0.0686 
0.0113 0.0179 0.4115 0.415 0.0952 0.0632 0.545 0.2028 0.4979 0.0846 0.2048 0.4479 0.417 0.7314 0.2227 0.1095 0.328 0.2695 0.458 0.4607 0.5172 0.2386 0.5195 
0.32 0.1601 0.1805 0.5138 0.5195 0.4533 0.3424 0.3191 0.4063 0.4665 0.4704 0.4831 0.6628000000000001 0.1433 0.5028 0.2558 0.2062 0.3331 0.3235 0.28 0.4839 0.2441 0.2679 
0.3963 0.4478 0.0596 0.4716 0.3148 0.3918 0.1805 0.4326 0.4544 0.0105 0.4943 0.6288 0.4007 0.3863 0.452 0.3349 0.0444 0.2876 0.466 0.18 0.5459 0.3017 0.4408 
0.5453 0.1405 0.0529 0.4556 0.2384 0.1455 0.5099 0.4578 0.4752 0.0925 0.6075 0.2816 0.5117 0.5435 0.0382 0.2057 0.2701 0.0581 0.2878 0.4757 0.0324 0.132 0.3064 
0.3176 0.1654 0.3585 0.2894 0.1716 0.1787 0.0522 0.0521 0.3455 0.617 5.0E-4 0.0209 0.0534 0.0289 0.2856 0.2958 0.5469 0.1047 0.3131 0.5063 0.5413 0.2323 0.2525 
0.3187 0.0784 0.0292 0.4654 0.0299 0.5285 0.2174 0.2706 0.1987 0.5828 0.256 0.4964 0.2537 0.1556 0.5469 0.2202 0.1408 0.2234 0.5483 0.192 0.235 0.1286 0.0877 
0.1696 0.0282 0.1086 0.4344 0.3448 0.0062 0.3204 0.2169 0.43300000000000005 0.3844 0.4634 0.806 0.6987000000000001 0.5475 0.3069 0.1057 0.4533 0.4289 0.1202 0.0737 0.348 0.0548 0.152 
0.2297 0.1663 0.3126 0.1643 0.392 0.0596 0.1861 0.4931 0.4919 0.395 0.4446 0.4656 0.2627 0.8587 0.5458 0.541 0.3852 0.1205 0.3939 0.3598 0.3142 0.462 0.0746 
0.378 0.0807 0.5236 0.3272 0.0481 0.0055 0.1352 0.2091 0.8832 0.7359 0.5206 0.3067 0.0624 0.1274 0.608 0.265 0.1765 0.1645 0.2259 0.3277 0.1152 0.0436 0.5126 
0.3265 0.2475 0.2156 0.1398 0.2507 0.4302 0.3462 0.3117 0.8917 0.924 0.5038 0.1376 0.1761 0.1583 0.6959 0.1066 0.0783 0.5269 0.2118 0.4994 0.1786 0.0779 0.4905 
0.396 0.3884 0.0313 0.072 0.3038 0.1133 0.3918 0.0868 0.2032 0.452 0.2077 0.3988 0.2719 0.5926 0.4512 0.1849 0.4239 0.2311 0.122 0.3602 0.426 0.1804 0.017 
0.1703 0.1169 0.0071 0.2138 0.0226 0.1032 0.0133 0.1902 0.3605 0.3938 0.9993000000000001 0.9299000000000001 0.6233 0.276 0.4396 0.2466 0.4841 0.1949 0.1366 0.0366 0.0769 0.0739 0.1013 
0.5037 0.5055 0.4288 0.294 0.1033 0.0989 0.4317 0.0808 0.07 0.0897 0.3285 0.0311 0.2516 0.3105 0.012 0.481 0.5229 0.4386 0.0847 0.5188 0.4732 0.2402 0.1889 
0.0559 0.2244 0.3557 0.4157 0.5456 0.1177 0.1443 0.1675 0.2007 0.1308 0.5345 0.2769 0.2825 0.3001 0.1401 0.3182 0.3863 0.2494 0.3223 0.4666 8.0E-4 0.509 0.2074 
0.0853 0.2015 0.5226 0.0405 0.017 0.0662 0.0455 0.5192 0.0948 0.1211 0.3479 0.4719 0.3132 0.1477 0.2714 0.3249 0.3694 0.1531 0.2183 0.3489 0.519 0.0813 0.1013 
0.1158 0.3016 0.008 0.2908 0.1322 0.2679 0.3673 0.3107 0.1258 0.3547 0.2286 0.4851 0.1568 0.0123 0.3665 0.3444 0.4906 0.4393 0.5006 0.2812 0.2555 0.4585 0.2736 
0.1534 0.51 0.4913 0.4119 0.3244 0.1157 0.5152 0.2893 0.086 0.5405 0.4518 0.0678 0.4617 0.3764 0.293 0.5315 0.0734 0.1553 0.5411 0.082 0.1245 0.2505 0.4337 
0.1874 0.1794 0.1655 0.271 0.5329 0.4779 0.1905 0.1454 0.0941 0.0932 0.1124 0.3107 0.2444 0.0712 0.3128 0.4101 0.5072 0.2722 0.0286 0.2301 0.1763 0.3074 0.2539 