0.0725 0.1199 0.0132 0.1977 0.0102 0.2596 0.0346 0.4807 0.4174 0.3811 0.301 0.3443 0.2126 0.5308 0.3929 0.0922 0.0389 0.1241 0.4876 0.1476 0.1498 0.1455 0.0451 0.2577 0.5348 0.1497 0.0942 0.111 0.2695 
0.391 0.5369 0.4997 0.4555 0.5427 0.0864 0.5123 0.6856 0.8326 0.44710000000000005 0.6824 0.8297000000000001 0.46240000000000003 0.5371 0.72 0.3581 0.1212 0.0661 0.2466 0.4933 0.1925 0.5462 0.3057 0.0115 0.089 0.0785 0.2632 0.1777 0.2624 
0.1382 0.3214 0.2784 0.1077 0.2924 0.1813 0.0232 0.0124 0.4817 0.482 0.3241 0.152 0.1894 0.3305 0.45320000000000005 0.3889 0.5003 0.0667 0.0221 0.4235 0.4806 0.3203 0.1788 0.1945 0.5423 0.1231 0.328 0.505 0.2691 
0.1136 0.1816 0.528 0.1158 0.2444 0.0237 0.4914 0.3324 0.1512 0.1504 0.118 0.2055 0.3932 0.48410000000000003 0.1217 0.2115 0.4189 0.3595 0.4553 0.2886 0.5208 0.2856 0.0507 0.5283 0.0161 0.238 0.1514 0.1318 0.0723 
0.1623 0.5463 0.0211 0.5219 0.4704 0.4397 0.1765 0.1796 0.277 0.3677 0.1874 0.293 0.5005000000000001 0.2834 0.4873 0.3736 0.3608 0.3582 0.2427 0.1688 0.2663 0.0424 0.5434 0.3405 0.4892 0.0078 0.0784 0.134 0.4201 
0.3391 0.3085 0.5332 0.1824 0.3108 0.4128 0.3152 0.1558 0.0123 0.01 0.0315 0.1126 0.653 0.3423 0.3787 0.507 0.0891 0.3788 0.1871 0.1149 0.4594 0.1194 0.076 0.2791 0.4123 0.3725 0.5487 0.1735 0.4165 
0.1929 0.4952 0.343 0.1112 0.5201 0.441 0.0301 0.5391 0.3763 0.0283 0.0069 0.9858 0.1615 0.4509 0.1047 0.0324 0.2501 0.1755 0.0944 0.4214 0.1515 0.041 0.1019 0.5076 0.0324 0.2607 0.0167 0.0961 0.4333 
0.3002 0.0455 0.0087 0.091 0.4329 0.5219 0.3617 0.5413 0.2699 0.1857 0.4682 0.1342 0.2112 0.0206 0.0932 0.4401 0.2321 0.2516 0.1128 0.3494 0.4866 0.4293 0.4203 0.114 0.0213 0.1094 0.0013 0.3114 0.1958 
0.2313 0.5354 0.4402 0.3213 0.5249 0.4698 0.3408 0.4767 0.5209 0.1567 0.5747 0.2824 0.2808 0.2602 0.4523 0.5499 0.0608 0.4051 0.4263 0.0632 0.5224 0.4045 0.4249 0.2212 0.2165 0.3294 0.4717 0.1527 0.5441 
0.4941 0.5111 0.133 0.3847 0.4235 0.0429 0.4568 0.0225 0.434 0.887 0.1558 0.0115 0.0705 0.4968 0.2108 0.0253 0.2067 0.2692 0.222 0.3855 0.539 0.14 0.4869 0.0649 0.5025 0.235 0.5245 0.1342 0.5347 
0.0658 0.0248 0.0282 0.0316 0.1898 0.3253 0.0573 0.3102 0.5321 0.0208 0.1475 0.2206 0.4255 0.531 0.1825 0.0891 0.4127 0.0936 0.4286 0.3876 0.3571 0.4803 0.2968 0.0607 0.4453 0.1685 0.2101 0.279 0.2574 
0.4573 0.4451 0.3799 0.3164 0.4573 0.2203 0.0125 0.3977 0.7518 0.3834 0.3149 0.5441 0.1173 0.2774 0.4667 0.3253 0.1823 0.27 0.0461 0.2565 0.1891 0.4881 0.3239 0.1743 0.1452 0.213 0.4045 0.2398 4.0E-4 
0.2413 0.3485 0.2243 0.4448 0.4301 0.3997 0.1083 0.5438000000000001 0.229 0.0773 0.4156 0.232 0.3686 0.1672 0.2945 0.4282 0.392 0.1061 0.3443 0.4737 0.1804 0.1292 0.2342 0.4735 0.0635 0.3806 0.4337 0.1531 0.5257 
0.4773 0.2191 0.5188 0.1909 0.0922 0.3643 0.4955 0.3126 0.1582 0.3615 0.0282 0.4577 0.4744 0.0777 0.214 0.5382 0.3629 0.0443 0.2512 0.1044 0.0298 0.1489 0.5033 0.4303 0.3079 0.1677 0.388 0.2593 0.2245 
0.1191 0.3152 0.1918 0.3158 0.1987 0.2916 0.3233 0.2033 0.2048 0.2184 0.4498 0.3009 0.3295 0.3218 0.4385 0.2262 0.4869 0.1628 0.4433 0.2362 0.1798 0.217 0.4565 0.3615 0.5295 0.1577 0.3248 0.2991 0.3727 