0.1473 0.1143 0.1376 0.4411 0.2073 0.4588 0.6956 0.6586000000000001 0.6204000000000001 0.1615 0.1256 0.4067 0.1857 0.3875 0.0506 0.1682 0.4369 0.5243 0.1724 0.4351 0.059 0.0522 0.1863 0.3696 0.0311 
0.136 0.5084 0.2748 0.446 0.4294 0.6295000000000001 0.0766 0.2266 0.2133 0.5054000000000001 0.3913 0.3785 0.3228 0.0775 0.0381 0.5395 0.344 0.4005 0.3669 0.0455 0.3223 0.1841 0.3971 0.2061 0.4717 
0.0391 0.2112 0.0454 0.0089 0.9644 0.4133 0.3247 0.4508 0.5357 0.4143 0.5965 0.4655 0.4689 0.0114 0.105 0.4708 0.0419 0.175 0.2481 0.5044 0.1373 0.0351 0.5289 0.052 0.3887 
0.4864 0.191 0.5006 0.0672 0.7726999999999999 0.299 0.1158 0.1451 0.0811 0.5027 0.5172 0.5307 0.3461 0.4795 0.3404 0.0355 0.4705 0.3599 0.4755 0.1927 0.319 0.5402 0.09 0.3045 0.2327 
0.3964 0.3983 0.0498 0.3834 0.3719 0.8976 0.492 0.3034 0.3026 0.436 0.0715 0.1432 0.2941 0.3762 0.3923 0.325 0.2218 0.0161 0.4877 0.2453 0.2469 0.2668 0.4656 0.1037 0.5324 
0.228 0.2172 0.1803 0.1505 0.059 0.025 0.9428 0.2944 0.5432 0.4266 0.5479 0.4697 0.3893 0.2592 0.5024 0.3572 0.3555 0.4127 0.2065 0.5009 0.2089 0.2389 0.2843 0.0179 0.1929 
0.3233 0.4284 0.1497 0.5164 0.0266 0.1555 0.2391 0.6928000000000001 0.2896 0.1396 0.0539 0.2808 0.5105 0.4225 0.4532 0.4632 0.3734 0.0426 0.1689 0.0434 0.0213 0.0459 0.331 0.1592 0.0659 
0.3148 0.2355 0.3087 0.1075 0.4365 0.0258 0.46090000000000003 0.3353 0.9388 0.224 0.3843 0.0554 0.3707 0.3945 0.2467 0.5097 0.5031 0.4182 0.3186 0.1251 0.4695 0.2919 0.1661 0.0852 0.1227 
0.1236 0.3285 0.1906 0.2734 0.4221 0.8533 0.2587 0.4886 0.4279 0.8978 0.0822 0.0163 0.2743 0.2044 0.3779 0.2714 0.2054 0.4963 0.5416 0.2574 0.5287 0.432 0.0625 0.4233 0.4988 
0.1854 0.1596 0.1544 0.1775 0.9131 0.5066 0.1657 0.2337 0.3895 0.3834 0.6182000000000001 0.1862 0.2763 0.0195 0.4175 0.1608 0.26 0.3158 0.0404 0.1887 0.0704 0.1506 0.1525 0.2498 0.2867 
0.5103 0.5282 0.4243 0.2588 0.6297 0.5401 0.2501 0.5031 0.1852 0.066 0.7141 0.4614 0.1 0.3264 0.177 0.4706 0.1366 0.4224 0.2427 0.1277 0.2328 0.4946 0.2983 0.1782 0.1362 
0.4685 0.272 0.2438 0.5479 0.4623 0.5334 0.029 0.0201 0.3749 0.6798 0.2178 0.0847 0.0181 0.3226 0.3444 0.449 0.0616 0.2987 0.475 0.156 0.5274 0.0731 0.3987 0.5429 0.0431 
0.2146 0.0316 0.1405 0.0204 0.3323 0.2416 0.7382 0.449 0.8374 0.5156 0.1316 0.0524 0.2938 0.1437 0.1148 0.1142 0.2325 0.4466 0.3514 0.3646 0.249 0.3463 0.1943 0.1686 0.2491 
0.1509 0.136 0.3817 0.4425 0.3969 0.4901 0.4559 0.5001 0.0507 0.4619 0.4725 0.434 0.3108 0.4682 0.3739 0.3269 0.3597 0.2011 0.3426 0.2553 0.4225 0.2265 0.0613 0.1567 0.0089 
0.0667 0.3447 0.0506 0.4362 0.1927 0.0348 0.075 0.2895 0.4623 0.243 0.2511 0.259 0.4184 0.0322 0.1194 0.3066 0.4572 0.2096 0.4215 0.4336 0.4437 0.254 0.2288 0.1306 0.434 