0.1006 0.5241 0.0644 0.5423 0.365 0.2774 0.1479 0.4853 0.2596 0.5359 0.3596 0.0322 0.297 0.3141 0.2038 0.0304 0.5072 
0.4703 0.0802 0.175 0.3803 0.0034 0.0143 0.463 0.0203 0.5401 0.1958 0.1594 0.02 0.1556 0.0783 0.0771 0.2686 0.4984 
0.3647 0.3572 0.3761 0.5105 0.0132 0.1414 0.4236 0.3601 0.1587 0.0466 0.0096 0.1454 0.2201 0.1009 0.0798 0.1475 0.2858 
0.1261 0.4415 0.1429 0.1147 0.3036 0.206 0.09 0.3994 0.5104 0.2302 0.4261 0.5239 0.5074 0.4278 0.3622 0.5393 0.0061 
0.4771 0.2368 0.0528 0.0036 0.4334 0.5006 0.0535 0.208 0.0771 0.0616 0.3447 0.0035 0.4278 0.196 0.4035 0.1565 0.286 
0.3181 0.0982 0.2617 0.3737 0.4036 0.2763 0.1002 0.49750000000000005 0.8891 0.9723 0.546 0.1176 0.0439 0.4979 0.1646 0.128 0.1243 
0.526 0.1713 0.2966 0.5103 0.3903 0.4934 0.6049 0.3953 0.0619 0.2191 0.8551 0.4854 0.5426 0.2227 0.3698 0.0086 0.2117 
0.1617 0.3373 0.3463 0.0935 0.5342 0.5192 0.2017 0.4341 0.5118 0.2999 0.047 0.9581000000000001 0.4494 0.3956 0.006 0.1487 0.3828 
0.2688 0.4988 0.508 0.3814 0.5138 0.9463 0.2578 0.4136 0.0876 0.2396 0.0613 0.6574 0.3302 0.1685 0.4204 0.3547 0.2753 
0.5043 0.4785 0.3434 0.0823 0.3129 0.0414 0.45840000000000003 0.3118 0.2548 0.1986 0.8877 0.6567000000000001 0.1273 0.1527 0.1431 0.1456 0.2076 
0.1132 0.1566 0.4438 0.1326 0.1736 0.085 0.379 0.8436 0.6761 0.4446 0.4631 0.6847000000000001 0.097 0.2103 0.4774 0.0445 0.1581 
0.336 0.0886 0.4363 0.1813 0.2989 0.0446 0.1933 0.3821 0.5464 0.0592 0.0133 0.7519 0.4706 0.0554 0.188 0.1173 0.1092 
0.3702 0.3436 0.332 0.0527 0.5018 0.2099 0.4375 0.413 0.3038 0.2674 0.19 0.6371 0.0942 0.0168 0.3355 0.2614 0.23 
0.1767 0.2904 0.5433 0.3924 0.4837 0.3911 0.2009 0.2263 0.1781 0.026 0.4666 0.4329 0.3245 0.3838 0.3314 0.3043 0.1267 
0.0803 0.2708 0.1693 0.35 0.4614 0.1609 0.235 0.1493 0.4542 0.1968 0.3638 0.47840000000000005 0.1019 0.3398 0.1853 0.2478 0.0692 
0.2645 0.2898 0.0256 0.2032 0.3326 0.1621 0.4339 0.1545 0.2926 0.2551 0.2289 0.7909 0.2942 0.4232 0.1258 0.0021 0.2151 
0.3436 0.2261 0.0118 0.4489 0.5131 0.4677 0.2639 0.5153 0.2406 0.3645 0.213 0.8073 0.2368 0.1106 0.122 0.3876 0.3465 
0.1009 0.1212 0.1039 0.0311 0.4125 0.0316 0.3903 0.123 0.4368 0.5416 0.3598 0.7944 0.2854 0.0493 0.384 0.4249 0.3136 
0.4128 0.1676 0.413 0.3006 0.1412 0.1787 0.4302 0.1154 0.255 0.2696 0.1161 0.2145 0.2201 0.2539 0.3961 0.2033 0.2871 
0.246 0.4072 0.4567 0.018 0.0349 0.3796 0.2856 0.0725 0.0856 0.312 0.159 0.1844 0.4019 0.4537 0.5319 0.2182 0.05 
0.2938 0.1304 0.0345 0.3585 0.2218 0.0809 0.4061 0.1506 0.4973 0.1527 0.0951 0.0866 0.269 0.3936 0.5186 0.2221 0.0548 
0.4827 0.2394 0.2975 0.0603 0.5267 0.4354 0.1175 0.1602 0.5062 0.4329 0.5174 0.0288 0.1478 0.151 0.3803 0.4008 0.1812 
0.5121 0.0305 0.2077 0.1062 0.1254 0.1887 0.5031 0.403 0.5289 0.2728 0.0528 0.251 0.2632 0.185 0.3696 0.3143 0.3246 
0.3026 0.3232 0.3414 0.0092 0.4002 0.4373 0.3138 0.3094 0.33 0.5117 0.2615 0.0098 0.5275 0.4711 0.0849 0.3885 0.0839 
0.3953 0.5336 0.4097 0.259 0.0555 0.3792 0.2192 0.4886 0.5151 0.3486 0.366 0.4579 0.0279 0.1066 0.0767 0.2421 0.5279 
